Tab. 111. ad pag. 178,

 

 

 

 

 

 

 

 

 

 

 

 

 

 

 

 

,39ἶ196 44ι
3 ’112, 41

7
‚⁶ 139, 31

 

 

 

s 74, 46 79, 53

79η 42 842 53
84, 46 90, 0

99, 9 95, 14ξ

95, 24 100, 36
,100, 58 106, 5

 

118 48
4 129, 15

 

172, 52 173,

 

 

 

 

116, 22
121, 52
127, 27
133, 6
138 49

111, 42
117, 26⁵
122, 171

 

135, 20

-ῤ-..ρῤ

, 32 162,1163,

29 174,

*19- ’1 80 ‚AL-1 90
*32³0 0 ,59 —4‘0 12’“’Ῑ3 35’ξ 5⁰‚0
7, 1 7, 41 8, 24 9, 10Ι 10, 0
10, 32 11, 32 12, 36 13, 46 15, 0
14, 4 15, 25 16, 50 18, 22 20, 0
17, 39 19, 18 21, 4 22, 58 25, 9
,1, 16 - 14 ,5 20 - 35 30,ο
24, 54 2 9 29, 38 ,52 14 35 0
0 28, 36 1 12 35, 58 36 54 40 0
32, 21 ο5 16 58, 29 41 34 45, 0
36, 10 39 22 42, 44 46 16 50, 0
40 4 4 03 47³ 12 >1 Ο 557 0
44 - 4- 48 51, 42 5> 46 69, 9
48 5 5, 0 56, 15 60 33 65 0
5„ 14 56 30 60, 52 65 -.- 70 0
56, ,9 69, 59 65, 33 79, 14 75, 0
69, 52 65, 33 79, 18 75, 6 89, 0
65, 22 70, 13 75, 7 80, 2 85, 0
‘''O 0 75 0 80, 0 85, 0 90 0

 

84258 90⁷ 0 9570
90, 0 95, 2ι100,ο

95, 7 100, 7 {1055 0

100, 18 105, 14·110, 0
195, 45 119, 24
119, 56 115, ³4

2

115, 0
120.. 0

 

 

129, 48
126, 4!
131, 21
136 ,40

125,
130,
135,
140,
142 a 2 145,
ι, 3511475 24

 

000000

 

J ε4ἱ152, 48 155,
, 16ι158, 13 160,

39 165,
6 170,

00000

, 6 169,
21174,32 175,

180 01180 0 139, 91189, 01139, o

 

 

,.-..-.

