 

 

 

 

 

 

 

 

 

 

 

 

 

 

 

 

 

 

 

 

 

 

 

 

 

 

 

 

 

 

 

 

 

Tab.11. ad p. 177.

 

 

 

 

 

 

 

 

 

 

 

 

35:45⁹, {3125 3512211185. „q —22‘3325 ’33 25⁵.
’ἾἿ 00349 2ἶᾶ0-0-3- 114759744 46⁴ -2 0711j 2 3791 ἐ2 ἹΒΞ
2 99698 29912 57530745 47 2,1447 2,93 25 2, 7346
3 0 1043 20027 3872146 43 2 2212 279889 276913
4 9,1398 29949 28417194 49 2,3927 39485 26500
⁷5- 0,1750 ’20076 ²2⁷9⁴E³ 50 2 3335 3,1114 2,6103
6 072102 2,0110 19,1335 51 4—2, 4693 ’3,1780 2 ,5735
7 072456 2,οιςο 16,4110 52 2 5599 3,2485 2 5380
8 072811 270196 1473706 53 2,6541 „73:233 275043
9 9,3168 2,92.49 12,7849 54 2,7528 3,4926 2,4721
„15³- 02³&- 29393 1141125 ⁵}- :S-{Q 22429972 4415
11 053887 2,9374 1054817 56 2,9651 5 650 2,41 4
12 9,4251 2,9447 9,6195 57 3,9797 39721 2, 3847
13 0,4617 2,0526 8,8903 53 3,2005 3,7741 2, 3533
14 054986 250612 852671 59 3,3285 3883 2 253333
*1ss 9,5359 2,9795 ’77274 69 3,4641 4099-45 2 3094
16 0,5735 270806 7,2559” 61 376081 471253 2 2867
17 076115 2,0914 678406 62 377614 472601 27 265 1
13 0,6493 2 ,1029 6,4721 63 3,9252 4,4054 2,2446
19 076836 21152 671431 64 471006 4„5623 272252
20 0,7279 221233 7 5733-7—(3 65 4,2390 477324 272067
11 9,7677 25142 3 5558083 66 44921 4,9172 2,1893
22 073080 2,1571 5,3339 67 47117 571136 2,1727
23 9,8489 2,1727 551186 68 459502 55:5389 2 1571
24 058904 21893 4,9172 69 5,2192 5,5898 251423
25 059320 22967 *4,7374 70—- 554949 7-58497 24283
26 059755 2,2252 4,,5623 71 58984 6,143“1 21152
27 1,0190 - 2446 4,4054 72 651554 6743721 271029
28 150634 -52651 452601 73 6,5417 (88496 29914
29 1 1036 2 2867 4,125 Δ 679748 7,2559 270806
39 λ1,1547 23994 49999 7,4641 7,7274 297<Ξ
31 1 2017 2,,333 *3,3332 870216 87:267} 20612
32 172497 273583 3,-7741 876629 8390ss 270526
33 ¹ 152938 253347 356721 954093 976192 270447
34 5153490 254124 355766 1052891 1054817 29374
35 {154004 2544¹³ 34869 11,34 › 11,51·.5 2,9398
6 1’ 1,4531 2,4721 34026 12,6275 12,7 849 20249
0 1,5071 2,5043 33233 1452307 1473 706 20196
33 175625 2 5380 372435 1‘352887 16 411) 2,0150
39 16105 :5735 371730 190237 191335 20110
--40 2 732 :76:33 31114 3276 33 2527647 4 20076
41 ''11573853‘2‘203 *ΣΞΞῙΒῙὶ 8() 237 6013 5 32,6710 ..ὧ-ςῑξ
42 158008 2,(1113 25983) 87 38516235 38,2146<2-,9927
43 5518650 27 461 25923 3583 . 57,272 55 5753074 2=0¹>12
44 419314 27833 2879189 ’1145799 114,5974 20003
45 „250000 28 841 2,,,3234 90 n 00 00 520000

