 

 

 

  

 

 

Tab. Ῐ ad 176.

’1 Raiud

 

 

 

 

13,οΙ75 0017ς
2 4»39 939 349
3 939593 939593
4 ιςρῶῳὸ Ο,Οὓ93 93
5 030873
‘6 071045 071048
7
8
9
0

0,0872

 

mmm 0,Ι 223

0,][392
0,ῐ)·64
1 071736
11 071908
12 Ο,2079

13 0 ,2249

 

 

 

¹4 0 32419
15 0, 2538
16 ἰ0 ,2756
17 02392 4
18 0,3090
19 0,3256
20 0,3420
21 033584
· 22 0,3746
23 0,3907
24 0,4067
25 0,4226
26 934384
27 034540
28 0,469ς
29 034848

30 0,5000
*21 075150
32 0³5299

 

 

33 935446
34 935591
35 935735
36 935878
37 936918
38 936157
39 (>,6293
40 0³⁵2}ss
”4Τ- 0,656ῐ
42 0,(5697
43 9368 20

 

   
    
   
   
  

³ 0 ,7193
0373 13
037431
037547
0,7660
03777 1
037880
037980

 

0,Ι393 Ι
0,Ις74 3 ,

0,ῐ750 73
0,ι926
0,2102
032279
0,24ς6
0, 2633
0,23ι[
02989
073168¹ ⁷
033347
033527
033707 3
033887
0,4069 ,
034251
034434
934617
034801
934986
0,ςι72
935359
0,5ς46
035735
0,5924
0,(3115
0,6306

0,3090
037727

 

 

 

 

 

 

 

 

 

 

036498
Ο,6692
0,6336
0,7032
caaz-22

 

 

 

 

937478
,937677
937878Ἰ 3 3 ⁶
44 936947 9
45 [39379713 3

 

 

JPa raueli th,
in proi. ⁶gradus
Ο ,8439 0.,Οὲ07

0,8696 ο,0203
0,8904 Ο,Ο210
0³9¹ 14 0,02ι2
0,9326 Ο,0213
0,9539 070216
0,9755 020217
039972 0,02ι3
Ι,οι90 0,022ι
ι,04ιῐ 0,0223
Ι,0634 opo-25·
130859 0,0227
ι,Ιο36 0,0229
171315 070232
1³1547 7 ἢ

ι,ι781 0,0236
ι,2οι7 0,0239
ι,2256 0,024ι
132497 939244
132741 030247
Ῑ,2988 0,02ςο

 

 

 

 

133238 030252
1334901 0,0256
133746 ’ 939259
134004 00202
1342Οὸ 0,0265
134531 0,0263
134799 Ο,0272
” 135071 0,027ς
135346 0,027ο
3 135025 (20284
135909 033230
136195 0,οε02
’ 136487 0,029ς

 

 

1 ,8650 0οΫέῆ
13ξ8979 03303 5

«3 Ι3,93ῑ4 99934
‘1:⁸¹9654 0‚0346

