ι · - Tab. 111. ad pag. 178.
Latltudo Loc1 propofin.

 

 

 

 

 

 

 

 

 

 

 

 

 

 

 

 

 

 

 

 

 

 

 

 

 

 

 

 

 

 

 

 

 

 

 

 

 

 

 

 

 

 

 

 

 

 

 

 

 

 

 

 

 

 

 

 

 

 

 

 

 

 

 

 

 

 

 

 

 

 

 

 

 

 

 

 

 

 

 

 

J 10 ¹ 15 ,25 1ᾎή25 7 1 30 35— 40 Ι-45* ..-5}?.— —5‚{- ——69— 65-—2-5q— 75 80 ες 1 90
¹7 307 40” ³.- ’Ἶ-’ἷ 13507 ¹³25? 1³-30¹ 2¹³- ,ψ”ῡΰῖἶῦ7 2)-,ἷ67 253Ἴ 3ἷ1“1”’ 3⁷230‘ 30-50‘ 4'³.12' 4⁰,35¹¹ 5³‚0
2‘3 50 ¹³219 ¹340 ¹4 2 4¹ 3, ¹0 3, 39 4, 9 4, 40 5, 13 5, 43 6, 23 7, 1 7, 41 3, 24 9, 10¹ ,Q 0
40 ¹³2¹8 ¹- 59 ²- 39 20⁷ 4 ι 4, 2⁶ 5, 29 o, 14 7, 2 7, 5ο 8, 41 9, 35 10, 32 ιι, 32 12, 36 13. 46 15, 0
53 1, 46 2, 40 3, 34 4 28 5 —4 6, 22 7, 21 8, 21 9, 24 10, 30 11, 38 12, 49 14, 4 15, 25 16, 50 18, κ 20, 0

11 2, 13 3, 20 4, 28 38 ¹³ 48 8, 0 9, 13 10, 30 11, 48· 13, 10 14, 35 11), 4 17, ³9 19, 18 21, 4 22, 58 25, Ο
’ 2- 41 4, ²! 5- 24 ‘⁷ 43: 8 ¹, 9, 39 11, 81 12, 40 14, 16Α 15, 53 17361 19, 22 21,16 23,14 25, :0 27, 35 30, 0
35 *3, ιζ 4, 41'›' (ι, :2 3, c 0, 40 11, 21 13, (ιγ ¹4- 53 16, ⁴⁴⁴5 13, 33} 30, 38 22, 43: 24, 54 25, 0 20, 33 325 14 35, 0
3, 39 5, 29 τ, 21 9, 14 11, 8, 13, 6 15, 6 17, 9 19, 16 21, 281 23, 44 2ο, 6 28.. so 31, 12 3³, 58 36, 54 40, 0
4 4, 11 b, 14 S7 :³¹ 12, 30 12, 40 14, 53 17, 9 19, 28 21, 52 24, 20 211, 54 29, 34 32, 21 35, 16 33, 20 41, 34 45, 0
20 4. 40 7, 2 Q, 24 11, 48 14, ¹⁴¹ ιό, 44 19, ’ , 24, 32 27, 19 32. 10 33, 6 gh, 10 39, 22 425 44 46, 16 50, 0
36 5, 13 7, 50 ις, SC 13, 10 ις. 53 13, 33 21, ⁵ , ⁶ 27, ¹8 30, 20 33. :ss 30- 42 40, 4 43, 33 47³ 12 51, 0 55, ο
-, 53 5, 4Ἶ Sa 4¹ 11, 38= ¹4- ἲς, ῐῖ, 3⁶ 23, 38 23, , 8 33, 28 3⁰, 52 40, 24 442 2 47- 48 51, 42 55, 46 60, 0
, 11 0, 23 9, ,4¹ 12. 41)Ὶ 16, 4} 19, ,22 22, 43 20, , , , 6 36, 42 4ῖ, 24 44, 11 48, 5 52, 6 513, 15 60, 33 65, 0
, 30 7, 1 10, 32 ¹4- 4³ 17, 391· 21, 15 24, 54 28, 36 2, ” , 10 40, 4 44, 2 48, 5 52, 14 56, 30 60, 52 65, 22 70, 0
, ⁵0 7, 41 11, 32 15, 25 19, 18 23, 14 27, 12 31, 12 , 2 , 22 43, 33 47. 48 52, 6 56, 30 60, 59 65, 33 70, 14 75, 0
, 12 8, 24 12, 36 16, 50 21, 4 25, 20 29, 38 33, 58 , , 44 47, 12 51, 52 56, 15 60, 52 65, 33 70, 18 75, 6 30, 0
, 35 9, 10’ 13, 40 18, 22 22, 58 27, 36 32, 14 56, 54 ‚ ‘2 16 51, 0 55, 46 60, 33 65, 22 70, 13 75, 7 80, 2 85, ο
, 0 10, 0 ις, 0 20, 0 25, 0 30, 0 35, 0 40, 0 , , 0 ςς, O 00. 0 65, ³ 70, 0 75, 0 30, 0 85, 0 90, 0
28 10, 55 16, 22 21, 47’ 27, 12 32, 36 37, 58 43, 20 , ’· , 56 59, 12 64- 26 69, 37 74, 46 79, 53 84, 58 902 0 95, ο
58 11, 54 17, 50 2* 44 29, 36 35, 25 41, 12 46 54 2, · , 7 63, 38 69- 4 74, 26 79, 42 84, 53 90, 0 95, 2100, 0
, 0¹ 13, 0 19, 28 25, 53 32, 14 38, 30 44, 40 50, 45 ‚ , 34 68, 18 73, 55 79, 24 84, 40 90, 0¹ 95, 7 100, 7 105, ο
, 8 14,14 21,1g 2 ,16 35, 8 41, 53 43, 29 54, ' , 20 73, 15 79, 1 84, 36 90, 0 95, 141100, 18 105, 141110, 0
7, 50 ις, 38 23, 21 30, 56 38, 22 45, 37 52, 40 59, , 24 73, 30 84, 22 90, 0 95, :4 100, 36 105, 45 110, 24 115, 0
8, 39 17, 14 25, 42 33, 58 42, 1 49. 48 57, 16 64, ., 12 84, 5 90, 0 95, 38700, 58 106, 5 110, 56 115, 34 120, 0
9, 35 19, 5 28, 23 37, 26 46, 8 54, 28 62, 24 69, 55 77, 1 83, 4² 90, ο 95, 55 101, 301106, 44 111, 2 116, 22 120, 48 125, ο
, 4² 21, 15 31, 32 41, 26 50, 52 59, 46 68, 8 75, 57 83, 14 90, 0 06, 1311025 Q 107, 365112, 41 117, 26 121, 52 126, 4 130, 0
, 2 23, 51 35, 16 46, 8 56,1‹) 65, 48 74, 33 32, 37 90, ο 96, 46 102, 59303, 4e‘3 113, 56 118, 48 Ἰ122, 17 127, 27 131, 21 135, 0
, 41 27, 2 39, 46 51, 42 62, 42 2, 44 8¹³ 48 90, 0 127, ²3} 104, 3 110, 51115, 50 119, 44 125, 4 129, 15 133, 6 136, 40 140, 0
¹, 46 31, 1 45, 20 53, 26 70, 14 30, 43 9ο, 0 93, 12 105, 20 111, 52117, 36 122, 44}127, 20 139, 31 135, ²01¹38³ 49 142, - 145, 0
, 30 36, 10 52, 20 66, 42 79, 12 90, 0 99,1ῖ 107, 17 114, 12 120, 141—125‚ 32 130„ 12'134, 22 138, 72141, 30 144- 35 147, 24 150³ 0
⁶2, 17 43, 4 61, 24 77, 0 90, 0 100, 48 109, 46 117, 19 123, 42 129, 9 133, 52 137, 50 141, 38ζ144, 521147, 46 150, 21ἒ1152, 48 1Ξ5,ἓ
ἢ,119 52, 47 73, 30 90, 0103, 0113,18121, 3412818133, 53 138„ 34,142, 34 146, 2 149, 41151, 44154, 7 150, ¹ 1581} ¹60³
,7 421 (¹2⁷2 12 90, 0 106, 30118, 36127' 40 ¹34, 40 14014144Ί 441442 28{15¹s 37154210154* 42158, 421160, 32 162, 10 103, ⁰9,¹ 5, 0
, 3¹, 90, 0112, 431127‚145136‚ 51} 14325014& 591527 53156, 9158, 451160, 55162, 40 164, 22]165, 441167, 0 108, (3169, ’,(117αὲ
1 0 ¹2⁶, 58143, 18 ¹52, 11 ξ157, 43 161, 301164,141()6,11)167, 58 169,13’170, 25 171, 21 172, 10 1727 52 173, 29 174- - 174, ,541751 0

 

 

 

 

, οιιςο, οιιςο, οιιὸο, 011130⁷ 0i1gQ 0¹11g0, 0⁸30, ⁰1¹80’ olzgo. 0180, 0130, 0¹180, 0¹180, 0¹180, ⁰1¹80' ⁰1¹80’ ⁰3¹80'

 

 

 

 

 

 

